tensor([[[[[  0.,   0.],
           [  0.,   0.],
           [  0.,   0.],
           ...,
           [  0.,   0.],
           [  0.,   0.],
           [  0.,   0.]],

          [[  0.,   0.],
           [  0.,   0.],
           [  0.,   0.],
           ...,
           [  0.,   0.],
           [  0.,   0.],
           [  0.,   0.]],

          [[  0.,   0.],
           [  0.,   0.],
           [  0.,   0.],
           ...,
           [  0.,   0.],
           [  0.,   0.],
           [  0.,   0.]],

          ...,

          [[ 21.,  17.],
           [152., 127.],
           [121., 133.],
           ...,
           [  0.,   0.],
           [  2.,   0.],
           [  0.,   0.]],

          [[ 82.,  96.],
           [ 67.,  82.],
           [ 23.,  20.],
           ...,
           [  1.,   0.],
           [  0.,   0.],
           [  0.,   0.]],

          [[ 40.,  50.],
           [ 37.,  28.],
           [  4.,   1.],
           ...,
           [  0.,   0.],
           [  0.,   0.],
           [  0.,   0.]]],


         [[[  0.,   0.],
           [  0.,   0.],
           [  0.,   0.],
           ...,
           [  0.,   0.],
           [  0.,   0.],
           [  0.,   0.]],

          [[  0.,   0.],
           [  0.,   0.],
           [  0.,   0.],
           ...,
           [  1.,   0.],
           [  0.,   0.],
           [  0.,   0.]],

          [[  0.,   0.],
           [  0.,   0.],
           [  0.,   0.],
           ...,
           [  1.,   0.],
           [  0.,   0.],
           [  0.,   0.]],

          ...,

          [[ 16.,  15.],
           [134., 135.],
           [125., 122.],
           ...,
           [  0.,   0.],
           [  0.,   0.],
           [  2.,   0.]],

          [[ 83., 123.],
           [ 73.,  74.],
           [ 21.,  14.],
           ...,
           [  0.,   0.],
           [  0.,   0.],
           [  0.,   0.]],

          [[ 47.,  40.],
           [ 26.,  45.],
           [ 16.,   0.],
           ...,
           [  0.,   0.],
           [  0.,   0.],
           [  1.,   0.]]],


         [[[  0.,   0.],
           [  0.,   0.],
           [  0.,   0.],
           ...,
           [  0.,   0.],
           [  0.,   0.],
           [  0.,   0.]],

          [[  0.,   0.],
           [  0.,   0.],
           [  0.,   0.],
           ...,
           [  0.,   0.],
           [  0.,   0.],
           [  0.,   0.]],

          [[  0.,   0.],
           [  0.,   0.],
           [  0.,   0.],
           ...,
           [  0.,   0.],
           [  0.,   0.],
           [  0.,   0.]],

          ...,

          [[ 15.,  32.],
           [119., 146.],
           [129., 128.],
           ...,
           [  0.,   0.],
           [  0.,   0.],
           [  0.,   0.]],

          [[ 69., 101.],
           [ 59.,  82.],
           [ 26.,  12.],
           ...,
           [  0.,   0.],
           [  0.,   0.],
           [  1.,   0.]],

          [[ 36.,  57.],
           [ 36.,  70.],
           [  8.,   2.],
           ...,
           [  0.,   0.],
           [  0.,   0.],
           [  0.,   0.]]],


         ...,


         [[[  0.,   0.],
           [  0.,   0.],
           [  0.,   0.],
           ...,
           [  1.,   0.],
           [  0.,   0.],
           [  0.,   0.]],

          [[  0.,   0.],
           [  0.,   0.],
           [  0.,   0.],
           ...,
           [  2.,   0.],
           [  1.,   0.],
           [  0.,   0.]],

          [[  0.,   0.],
           [  0.,   0.],
           [  0.,   0.],
           ...,
           [  0.,   0.],
           [  0.,   0.],
           [  0.,   0.]],

          ...,

          [[ 30.,  41.],
           [166., 236.],
           [239., 302.],
           ...,
           [  1.,   0.],
           [  0.,   0.],
           [  2.,   0.]],

          [[101., 140.],
           [106.,  87.],
           [ 61.,  33.],
           ...,
           [  2.,   0.],
           [  1.,   0.],
           [  1.,   0.]],

          [[ 70.,  49.],
           [ 63.,  73.],
           [ 21.,   2.],
           ...,
           [  0.,   0.],
           [  0.,   0.],
           [  0.,   0.]]],


         [[[  0.,   0.],
           [  0.,   0.],
           [  0.,   0.],
           ...,
           [  0.,   0.],
           [  1.,   0.],
           [  1.,   0.]],

          [[  0.,   0.],
           [  0.,   0.],
           [  0.,   0.],
           ...,
           [  0.,   0.],
           [  0.,   0.],
           [  2.,   0.]],

          [[  0.,   0.],
           [  0.,   0.],
           [  0.,   0.],
           ...,
           [  0.,   0.],
           [  0.,   0.],
           [  0.,   0.]],

          ...,

          [[ 28.,  24.],
           [125., 196.],
           [233., 277.],
           ...,
           [  1.,   0.],
           [  0.,   0.],
           [  2.,   0.]],

          [[ 95., 116.],
           [ 76.,  91.],
           [ 53.,  34.],
           ...,
           [  1.,   0.],
           [  0.,   0.],
           [  1.,   0.]],

          [[ 54.,  44.],
           [ 58.,  73.],
           [ 23.,   2.],
           ...,
           [  1.,   0.],
           [  1.,   0.],
           [  1.,   0.]]],


         [[[  0.,   0.],
           [  0.,   0.],
           [  0.,   0.],
           ...,
           [  2.,   0.],
           [  1.,   0.],
           [  1.,   0.]],

          [[  0.,   0.],
           [  0.,   0.],
           [  0.,   0.],
           ...,
           [  1.,   0.],
           [  1.,   0.],
           [  1.,   0.]],

          [[  0.,   0.],
           [  0.,   0.],
           [  0.,   0.],
           ...,
           [  0.,   0.],
           [  0.,   0.],
           [  0.,   0.]],

          ...,

          [[ 22.,  19.],
           [141., 202.],
           [221., 292.],
           ...,
           [  2.,   0.],
           [  2.,   0.],
           [  0.,   0.]],

          [[107., 122.],
           [ 89.,  79.],
           [ 61.,  25.],
           ...,
           [  0.,   0.],
           [  0.,   0.],
           [  0.,   0.]],

          [[ 69.,  43.],
           [ 61.,  73.],
           [ 23.,   2.],
           ...,
           [  3.,   0.],
           [  2.,   0.],
           [  0.,   0.]]]],



        [[[[  0.,   0.],
           [  0.,   0.],
           [  0.,   0.],
           ...,
           [  0.,   0.],
           [  0.,   0.],
           [  0.,   0.]],

          [[  0.,   0.],
           [  0.,   0.],
           [  0.,   0.],
           ...,
           [  0.,   0.],
           [  0.,   0.],
           [  0.,   0.]],

          [[  0.,   0.],
           [  0.,   0.],
           [  0.,   0.],
           ...,
           [  0.,   0.],
           [  0.,   0.],
           [  0.,   0.]],

          ...,

          [[ 49.,  28.],
           [269., 137.],
           [137., 143.],
           ...,
           [  0.,   0.],
           [  0.,   0.],
           [  1.,   0.]],

          [[212., 131.],
           [144.,  83.],
           [ 27.,  21.],
           ...,
           [  1.,   1.],
           [  2.,   0.],
           [  1.,   0.]],

          [[152.,  43.],
           [118.,  60.],
           [ 13.,   4.],
           ...,
           [  0.,   0.],
           [  0.,   0.],
           [  0.,   0.]]],


         [[[  0.,   0.],
           [  0.,   0.],
           [  0.,   0.],
           ...,
           [  0.,   0.],
           [  0.,   0.],
           [  0.,   0.]],

          [[  0.,   0.],
           [  0.,   0.],
           [  0.,   0.],
           ...,
           [  0.,   0.],
           [  1.,   0.],
           [  0.,   0.]],

          [[  0.,   0.],
           [  0.,   0.],
           [  0.,   0.],
           ...,
           [  0.,   0.],
           [  1.,   0.],
           [  0.,   0.]],

          ...,

          [[ 26.,  27.],
           [220., 114.],
           [118., 126.],
           ...,
           [  0.,   1.],
           [  0.,   0.],
           [  0.,   0.]],

          [[144.,  99.],
           [119.,  82.],
           [ 20.,  12.],
           ...,
           [  0.,   0.],
           [  0.,   0.],
           [  1.,   0.]],

          [[115.,  50.],
           [ 60.,  36.],
           [  8.,   0.],
           ...,
           [  0.,   0.],
           [  0.,   0.],
           [  0.,   0.]]],


         [[[  0.,   0.],
           [  0.,   0.],
           [  0.,   0.],
           ...,
           [  0.,   0.],
           [  0.,   0.],
           [  0.,   0.]],

          [[  0.,   0.],
           [  0.,   0.],
           [  0.,   0.],
           ...,
           [  0.,   0.],
           [  0.,   0.],
           [  0.,   0.]],

          [[  0.,   0.],
           [  0.,   0.],
           [  0.,   0.],
           ...,
           [  0.,   0.],
           [  0.,   0.],
           [  0.,   0.]],

          ...,

          [[ 17.,  12.],
           [200., 149.],
           [113., 113.],
           ...,
           [  0.,   0.],
           [  0.,   0.],
           [  0.,   0.]],

          [[121.,  86.],
           [112.,  82.],
           [ 21.,  17.],
           ...,
           [  0.,   0.],
           [  0.,   0.],
           [  0.,   0.]],

          [[ 86.,  34.],
           [ 61.,  56.],
           [ 10.,   1.],
           ...,
           [  1.,   0.],
           [  0.,   0.],
           [  0.,   0.]]],


         ...,


         [[[  0.,   0.],
           [  0.,   0.],
           [  0.,   0.],
           ...,
           [  1.,   0.],
           [  1.,   0.],
           [  1.,   0.]],

          [[  0.,   0.],
           [  0.,   0.],
           [  0.,   0.],
           ...,
           [  1.,   0.],
           [  0.,   0.],
           [  0.,   0.]],

          [[  0.,   0.],
           [  0.,   0.],
           [  0.,   0.],
           ...,
           [  0.,   0.],
           [  0.,   0.],
           [  1.,   0.]],

          ...,

          [[ 11.,  29.],
           [167., 155.],
           [145., 131.],
           ...,
           [  0.,   0.],
           [  0.,   0.],
           [  0.,   0.]],

          [[ 95., 122.],
           [ 87.,  80.],
           [ 28.,  13.],
           ...,
           [  0.,   0.],
           [  0.,   0.],
           [  0.,   0.]],

          [[ 69.,  60.],
           [ 37.,  55.],
           [ 11.,   2.],
           ...,
           [  0.,   1.],
           [  0.,   0.],
           [  0.,   0.]]],


         [[[  0.,   0.],
           [  0.,   0.],
           [  0.,   0.],
           ...,
           [  0.,   0.],
           [  0.,   0.],
           [  1.,   0.]],

          [[  0.,   0.],
           [  0.,   0.],
           [  0.,   0.],
           ...,
           [  0.,   0.],
           [  0.,   0.],
           [  1.,   0.]],

          [[  0.,   0.],
           [  0.,   0.],
           [  0.,   0.],
           ...,
           [  0.,   0.],
           [  0.,   0.],
           [  0.,   0.]],

          ...,

          [[ 22.,  25.],
           [164., 187.],
           [125., 134.],
           ...,
           [  0.,   0.],
           [  1.,   0.],
           [  0.,   0.]],

          [[120., 133.],
           [ 84.,  93.],
           [ 29.,  20.],
           ...,
           [  1.,   0.],
           [  0.,   0.],
           [  0.,   0.]],

          [[ 63.,  61.],
           [ 57.,  44.],
           [  9.,   2.],
           ...,
           [  0.,   0.],
           [  0.,   0.],
           [  0.,   0.]]],


         [[[  0.,   0.],
           [  0.,   0.],
           [  0.,   0.],
           ...,
           [  0.,   0.],
           [  1.,   0.],
           [  0.,   0.]],

          [[  0.,   0.],
           [  0.,   0.],
           [  0.,   0.],
           ...,
           [  0.,   0.],
           [  0.,   0.],
           [  0.,   0.]],

          [[  0.,   0.],
           [  0.,   0.],
           [  0.,   0.],
           ...,
           [  0.,   0.],
           [  0.,   0.],
           [  0.,   0.]],

          ...,

          [[ 27.,  17.],
           [173., 160.],
           [130., 129.],
           ...,
           [  1.,   0.],
           [  1.,   0.],
           [  0.,   0.]],

          [[ 97., 121.],
           [ 80.,  86.],
           [ 29.,  12.],
           ...,
           [  0.,   1.],
           [  0.,   0.],
           [  0.,   0.]],

          [[ 60.,  62.],
           [ 46.,  44.],
           [  9.,   1.],
           ...,
           [  3.,   0.],
           [  0.,   0.],
           [  0.,   0.]]]]])