tensor([[[[[  0.,   0.],
           [  0.,   0.],
           [  0.,   0.],
           ...,
           [  1.,   0.],
           [  0.,   0.],
           [  0.,   0.]],

          [[  0.,   0.],
           [  0.,   0.],
           [  0.,   0.],
           ...,
           [  1.,   0.],
           [  0.,   0.],
           [  0.,   0.]],

          [[  0.,   0.],
           [  0.,   0.],
           [  0.,   0.],
           ...,
           [  0.,   0.],
           [  0.,   0.],
           [  1.,   0.]],

          ...,

          [[ 26.,  18.],
           [119., 166.],
           [197., 304.],
           ...,
           [  1.,   0.],
           [  0.,   0.],
           [  2.,   0.]],

          [[ 94.,  74.],
           [108.,  62.],
           [ 67.,  33.],
           ...,
           [  2.,   0.],
           [  0.,   0.],
           [  1.,   0.]],

          [[ 65.,  35.],
           [ 67.,  52.],
           [ 25.,   1.],
           ...,
           [  1.,   0.],
           [  1.,   0.],
           [  0.,   0.]]],


         [[[  0.,   0.],
           [  0.,   0.],
           [  0.,   0.],
           ...,
           [  1.,   0.],
           [  1.,   0.],
           [  1.,   0.]],

          [[  0.,   0.],
           [  0.,   0.],
           [  0.,   0.],
           ...,
           [  0.,   0.],
           [  1.,   0.],
           [  0.,   0.]],

          [[  0.,   0.],
           [  0.,   0.],
           [  0.,   0.],
           ...,
           [  0.,   0.],
           [  0.,   0.],
           [  2.,   0.]],

          ...,

          [[ 18.,  30.],
           [ 92., 150.],
           [164., 237.],
           ...,
           [  1.,   0.],
           [  2.,   0.],
           [  0.,   0.]],

          [[ 77.,  56.],
           [ 81.,  46.],
           [ 34.,  29.],
           ...,
           [  2.,   0.],
           [  0.,   0.],
           [  0.,   0.]],

          [[ 59.,  30.],
           [ 52.,  58.],
           [ 18.,   0.],
           ...,
           [  3.,   0.],
           [  1.,   0.],
           [  0.,   0.]]],


         [[[  0.,   0.],
           [  0.,   0.],
           [  0.,   0.],
           ...,
           [  1.,   0.],
           [  1.,   0.],
           [  0.,   0.]],

          [[  0.,   0.],
           [  0.,   0.],
           [  0.,   0.],
           ...,
           [  0.,   0.],
           [  0.,   0.],
           [  0.,   0.]],

          [[  0.,   0.],
           [  0.,   0.],
           [  0.,   0.],
           ...,
           [  1.,   0.],
           [  0.,   0.],
           [  1.,   0.]],

          ...,

          [[ 14.,  30.],
           [ 90., 131.],
           [150., 227.],
           ...,
           [  1.,   0.],
           [  2.,   0.],
           [  1.,   0.]],

          [[ 65.,  36.],
           [ 59.,  43.],
           [ 29.,  29.],
           ...,
           [  3.,   0.],
           [  0.,   0.],
           [  0.,   0.]],

          [[ 32.,  29.],
           [ 47.,  48.],
           [  6.,   0.],
           ...,
           [  2.,   0.],
           [  2.,   0.],
           [  0.,   0.]]],


         ...,


         [[[  0.,   0.],
           [  0.,   0.],
           [  0.,   0.],
           ...,
           [  0.,   0.],
           [  1.,   0.],
           [  0.,   0.]],

          [[  0.,   0.],
           [  0.,   0.],
           [  0.,   0.],
           ...,
           [  0.,   0.],
           [  0.,   0.],
           [  0.,   0.]],

          [[  0.,   0.],
           [  0.,   0.],
           [  0.,   0.],
           ...,
           [  1.,   0.],
           [  0.,   0.],
           [  1.,   0.]],

          ...,

          [[  1.,   4.],
           [ 18.,  18.],
           [ 28.,  64.],
           ...,
           [  2.,   0.],
           [  1.,   0.],
           [  0.,   0.]],

          [[ 10.,   2.],
           [ 10.,   8.],
           [ 12.,   6.],
           ...,
           [  1.,   0.],
           [  0.,   0.],
           [  0.,   0.]],

          [[ 16.,   1.],
           [  7.,   2.],
           [  3.,   0.],
           ...,
           [  2.,   0.],
           [  0.,   0.],
           [  0.,   0.]]],


         [[[  0.,   0.],
           [  0.,   0.],
           [  0.,   0.],
           ...,
           [  0.,   0.],
           [  0.,   0.],
           [  1.,   0.]],

          [[  0.,   0.],
           [  0.,   0.],
           [  0.,   0.],
           ...,
           [  0.,   0.],
           [  0.,   0.],
           [  1.,   0.]],

          [[  0.,   0.],
           [  0.,   0.],
           [  0.,   0.],
           ...,
           [  1.,   0.],
           [  1.,   0.],
           [  0.,   0.]],

          ...,

          [[  2.,   1.],
           [  6.,  14.],
           [ 24.,  48.],
           ...,
           [  1.,   0.],
           [  0.,   0.],
           [  0.,   0.]],

          [[  9.,   3.],
           [ 12.,   6.],
           [  8.,   4.],
           ...,
           [  2.,   0.],
           [  0.,   0.],
           [  0.,   0.]],

          [[  5.,   6.],
           [ 12.,   4.],
           [  0.,   0.],
           ...,
           [  1.,   0.],
           [  0.,   0.],
           [  1.,   0.]]],


         [[[  0.,   0.],
           [  0.,   0.],
           [  0.,   0.],
           ...,
           [  2.,   0.],
           [  0.,   0.],
           [  0.,   0.]],

          [[  0.,   0.],
           [  0.,   0.],
           [  0.,   0.],
           ...,
           [  0.,   0.],
           [  0.,   0.],
           [  0.,   0.]],

          [[  0.,   0.],
           [  0.,   0.],
           [  0.,   0.],
           ...,
           [  2.,   0.],
           [  0.,   0.],
           [  1.,   0.]],

          ...,

          [[  0.,   0.],
           [ 12.,   7.],
           [ 21.,  43.],
           ...,
           [  1.,   1.],
           [  0.,   0.],
           [  0.,   0.]],

          [[  6.,   5.],
           [  4.,  10.],
           [  7.,   5.],
           ...,
           [  0.,   1.],
           [  1.,   0.],
           [  0.,   0.]],

          [[  6.,   2.],
           [  3.,   1.],
           [  0.,   0.],
           ...,
           [  1.,   0.],
           [  0.,   0.],
           [  0.,   0.]]]],



        [[[[  0.,   0.],
           [  0.,   0.],
           [  0.,   0.],
           ...,
           [  0.,   0.],
           [  0.,   0.],
           [  0.,   0.]],

          [[  0.,   0.],
           [  0.,   0.],
           [  0.,   0.],
           ...,
           [  0.,   0.],
           [  0.,   0.],
           [  0.,   0.]],

          [[  0.,   0.],
           [  0.,   0.],
           [  0.,   0.],
           ...,
           [  0.,   0.],
           [  0.,   0.],
           [  3.,   0.]],

          ...,

          [[ 23.,  17.],
           [175., 166.],
           [131., 130.],
           ...,
           [  0.,   0.],
           [  0.,   0.],
           [  0.,   0.]],

          [[ 91., 115.],
           [ 56.,  88.],
           [ 39.,  10.],
           ...,
           [  0.,   0.],
           [  0.,   0.],
           [  0.,   0.]],

          [[ 56.,  51.],
           [ 37.,  46.],
           [  9.,   0.],
           ...,
           [  0.,   0.],
           [  0.,   0.],
           [  0.,   0.]]],


         [[[  0.,   0.],
           [  0.,   0.],
           [  0.,   0.],
           ...,
           [  0.,   0.],
           [  0.,   0.],
           [  0.,   0.]],

          [[  0.,   0.],
           [  0.,   0.],
           [  0.,   0.],
           ...,
           [  0.,   0.],
           [  0.,   0.],
           [  0.,   0.]],

          [[  0.,   0.],
           [  0.,   0.],
           [  0.,   0.],
           ...,
           [  0.,   0.],
           [  0.,   0.],
           [  0.,   0.]],

          ...,

          [[ 21.,  17.],
           [152., 127.],
           [121., 133.],
           ...,
           [  0.,   0.],
           [  2.,   0.],
           [  0.,   0.]],

          [[ 82.,  96.],
           [ 67.,  82.],
           [ 23.,  20.],
           ...,
           [  1.,   0.],
           [  0.,   0.],
           [  0.,   0.]],

          [[ 40.,  50.],
           [ 37.,  28.],
           [  4.,   1.],
           ...,
           [  0.,   0.],
           [  0.,   0.],
           [  0.,   0.]]],


         [[[  0.,   0.],
           [  0.,   0.],
           [  0.,   0.],
           ...,
           [  0.,   0.],
           [  0.,   0.],
           [  0.,   0.]],

          [[  0.,   0.],
           [  0.,   0.],
           [  0.,   0.],
           ...,
           [  1.,   0.],
           [  0.,   0.],
           [  0.,   0.]],

          [[  0.,   0.],
           [  0.,   0.],
           [  0.,   0.],
           ...,
           [  1.,   0.],
           [  0.,   0.],
           [  0.,   0.]],

          ...,

          [[ 16.,  15.],
           [134., 135.],
           [125., 122.],
           ...,
           [  0.,   0.],
           [  0.,   0.],
           [  2.,   0.]],

          [[ 83., 123.],
           [ 73.,  74.],
           [ 21.,  14.],
           ...,
           [  0.,   0.],
           [  0.,   0.],
           [  0.,   0.]],

          [[ 47.,  40.],
           [ 26.,  45.],
           [ 16.,   0.],
           ...,
           [  0.,   0.],
           [  0.,   0.],
           [  1.,   0.]]],


         ...,


         [[[  0.,   0.],
           [  0.,   0.],
           [  0.,   0.],
           ...,
           [  1.,   0.],
           [  0.,   0.],
           [  1.,   0.]],

          [[  0.,   0.],
           [  0.,   0.],
           [  0.,   0.],
           ...,
           [  1.,   0.],
           [  0.,   0.],
           [  0.,   0.]],

          [[  0.,   0.],
           [  0.,   0.],
           [  0.,   0.],
           ...,
           [  0.,   0.],
           [  0.,   0.],
           [  1.,   0.]],

          ...,

          [[ 24.,  39.],
           [166., 232.],
           [273., 240.],
           ...,
           [  5.,   0.],
           [  1.,   0.],
           [  2.,   0.]],

          [[ 88., 147.],
           [103.,  88.],
           [ 59.,  11.],
           ...,
           [  4.,   0.],
           [  1.,   0.],
           [  0.,   0.]],

          [[ 54.,  53.],
           [ 60.,  80.],
           [ 14.,   0.],
           ...,
           [  0.,   0.],
           [  1.,   0.],
           [  1.,   0.]]],


         [[[  0.,   0.],
           [  0.,   0.],
           [  0.,   0.],
           ...,
           [  1.,   0.],
           [  0.,   0.],
           [  0.,   0.]],

          [[  0.,   0.],
           [  0.,   0.],
           [  0.,   0.],
           ...,
           [  2.,   0.],
           [  1.,   0.],
           [  0.,   0.]],

          [[  0.,   0.],
           [  0.,   0.],
           [  0.,   0.],
           ...,
           [  0.,   0.],
           [  0.,   0.],
           [  0.,   0.]],

          ...,

          [[ 30.,  41.],
           [166., 236.],
           [239., 302.],
           ...,
           [  1.,   0.],
           [  0.,   0.],
           [  2.,   0.]],

          [[101., 140.],
           [106.,  87.],
           [ 61.,  33.],
           ...,
           [  2.,   0.],
           [  1.,   0.],
           [  1.,   0.]],

          [[ 70.,  49.],
           [ 63.,  73.],
           [ 21.,   2.],
           ...,
           [  0.,   0.],
           [  0.,   0.],
           [  0.,   0.]]],


         [[[  0.,   0.],
           [  0.,   0.],
           [  0.,   0.],
           ...,
           [  0.,   0.],
           [  1.,   0.],
           [  1.,   0.]],

          [[  0.,   0.],
           [  0.,   0.],
           [  0.,   0.],
           ...,
           [  0.,   0.],
           [  0.,   0.],
           [  2.,   0.]],

          [[  0.,   0.],
           [  0.,   0.],
           [  0.,   0.],
           ...,
           [  0.,   0.],
           [  0.,   0.],
           [  0.,   0.]],

          ...,

          [[ 28.,  24.],
           [125., 196.],
           [233., 277.],
           ...,
           [  1.,   0.],
           [  0.,   0.],
           [  2.,   0.]],

          [[ 95., 116.],
           [ 76.,  91.],
           [ 53.,  34.],
           ...,
           [  1.,   0.],
           [  0.,   0.],
           [  1.,   0.]],

          [[ 54.,  44.],
           [ 58.,  73.],
           [ 23.,   2.],
           ...,
           [  1.,   0.],
           [  1.,   0.],
           [  1.,   0.]]]]])